.Random.seed <-
c(403L, 10L, 1630584287L, -1999359898L, 1256488944L, 2144147731L, 
-1067358543L, 1420759392L, 2085324542L, -1909349751L, 1100512699L, 
-1542641782L, 521252460L, -1022922769L, 1143498789L, -1841411876L, 
-1076318542L, 1588363693L, 1169417575L, 260829838L, -112338072L, 
-1735302293L, 254721289L, -1152363624L, 1556882118L, -487790559L, 
1710636211L, -1512489438L, 174268436L, 541361303L, 642150029L, 
1252040612L, 654287242L, 90144245L, 731828303L, 1975871318L, 
-551707136L, 932990787L, -355514655L, -441908144L, -61322066L, 
-1698596775L, 1125775467L, -994910758L, 1443038876L, -6006625L, 
348066549L, -168030324L, -1928274334L, 1372078653L, -2016867145L, 
2065584990L, -723765608L, 802485755L, 709191577L, -654421976L, 
-1504487210L, -752001711L, -1911165949L, 20312978L, -573546204L, 
-909862937L, -1980683203L, 227465908L, 1574287642L, -1283810715L, 
-1686335745L, 1287623558L, 1142306064L, 322137523L, 60919377L, 
-303436288L, 1060006622L, 1093265705L, 833828059L, 1257346026L, 
492307340L, -491141937L, -673616763L, -1989449924L, 1306629650L, 
1835169037L, -2090770873L, -229530578L, 1847576968L, 1061138571L, 
-1469183383L, 1152226872L, 1467608806L, -1002501503L, 1651103251L, 
778453442L, -1902974348L, 1745702007L, 1962407277L, -918763004L, 
1423223082L, 1874067093L, -199027409L, -46747594L, -166271904L, 
183618211L, -1184653887L, -842221136L, 1913678030L, 824694329L, 
-223590325L, 1588943354L, -687598340L, 61307199L, 436196885L, 
-2061212372L, 1678870018L, 1997798621L, 636667863L, -1441738050L, 
-98573064L, 2068724443L, 1742029113L, -262896504L, 508847158L, 
-1795227535L, 391664291L, -1417385998L, -962901180L, 1068893191L, 
-1109876259L, 842825428L, -1405181446L, 116297029L, 1729870239L, 
593472294L, 913134512L, -743432109L, -1210016911L, -660075872L, 
516316734L, 1053889865L, -2086712325L, -1670860854L, -453131988L, 
1603820847L, 1386415077L, 1138604700L, 506904306L, 1942884205L, 
-1923389273L, 1285778126L, 1068202024L, -714742741L, -1453013431L, 
-355176616L, -463222266L, -1777601567L, -811347597L, 1892819426L, 
1474385236L, 972467287L, -1915908019L, -125529116L, -430583350L, 
1191139381L, -1028868465L, -2119096426L, 1625033536L, 1168532995L, 
-1231397855L, -1108291824L, 1361683694L, -1013650279L, 1688611115L, 
-893796326L, -430212388L, 831482591L, 339391669L, -1469554100L, 
-753758558L, -2125376003L, 1369276151L, -1996425186L, 1815968472L, 
-1232064965L, -2037122087L, 449718632L, -1202618218L, -1780720111L, 
651630531L, -59438126L, 492426852L, -1639168601L, -906568963L, 
-1360937228L, -852198950L, 1087495461L, -80638913L, -1470997562L, 
1252022352L, 401658995L, 788854929L, -1008105280L, -1473764706L, 
478576233L, -237293925L, -1383300182L, -1014880308L, 2081159823L, 
816009925L, 909769340L, 108091090L, -1408294323L, -1118933241L, 
198800110L, 1664272328L, 2065713355L, 1620646185L, 1386889592L, 
1929856678L, 356880577L, -361268909L, -286464510L, -1718214860L, 
804703415L, 2070191277L, -1075213884L, -421893654L, 313874005L, 
-1289091089L, 1196742646L, -249638624L, 1258161026L, 1128966592L, 
1631034940L, -634747504L, -582820318L, -752163576L, 337600140L, 
609750812L, 823378066L, 1219434880L, 1857754644L, 864292648L, 
716638778L, 1149951440L, -1297012372L, -1495129164L, 56915986L, 
-1650571808L, -568756276L, 2041528544L, 330135586L, 1777070376L, 
1409863180L, 1231390524L, 266974194L, 404523760L, 1863142980L, 
-1173073320L, 927956794L, -129477136L, 628692668L, -1120683756L, 
1611141826L, -555080608L, -94948484L, -1148401712L, -1119735518L, 
2139191976L, -977478772L, 1293027516L, 233807666L, 2018716224L, 
766581940L, 1437995592L, 1374303674L, 1401602576L, -1929714964L, 
-1561116332L, -655056622L, -1311994464L, -8432948L, -727720352L, 
1343174594L, 1107760936L, -865464404L, 1525928764L, -1788597902L, 
-1632658640L, -859611868L, 1925131064L, -263450918L, -1364736112L, 
756821756L, 209288084L, -1071558590L, -662645504L, 1740268604L, 
-395058864L, 1484931234L, 1757630792L, 1854326540L, -90602788L, 
2111839570L, -1832643456L, 215437396L, 290549736L, -2063341318L, 
643193680L, 1616633644L, -381154956L, -427193454L, 1870469216L, 
1544371596L, -1516070048L, -1165133342L, -47598680L, 1577186508L, 
362590204L, 1423295922L, -2108353040L, -569308220L, -1127983784L, 
2001811834L, 1630659504L, 2003139004L, -617945004L, -1122826302L, 
995897376L, -118347588L, -880655792L, -1378802718L, 1881735272L, 
375223372L, -258275076L, -1836954638L, -645953280L, -139824780L, 
-151454712L, 1015328698L, 512852432L, 118762476L, -1386999404L, 
1847054802L, 1301119328L, -1483686068L, -1385293536L, 1640918914L, 
444784360L, 410603756L, 2135675964L, 30550898L, 1013513840L, 
-357100508L, -1719760072L, -305484646L, -44240176L, -1789542212L, 
-808104300L, 1845683842L, -2011842368L, 1921872700L, 1662368912L, 
-521740766L, 1199374344L, 582728972L, -548152164L, -879903214L, 
653582208L, -1467576812L, -697521624L, 1663501626L, -81471024L, 
1473172588L, -382478028L, -2056976750L, -429905056L, 951051084L, 
966121440L, -1327937630L, 228075432L, -1301844596L, 180709564L, 
-724883086L, -1770179344L, 899276868L, -803942056L, -1417185734L, 
1068088176L, -1015572420L, -606380268L, -1752599102L, 97311456L, 
2035697532L, -1720398128L, -1401931614L, 2108185640L, 1808704780L, 
1030399932L, 1663576370L, 1365322176L, -2009503180L, -657683512L, 
1165662394L, 265279888L, -206769684L, 1007223380L, 161325202L, 
1919581984L, 291752396L, 1218049504L, -16410942L, -304339928L, 
-50597204L, 1515226300L, 221551090L, 1692393776L, 2056074404L, 
284796600L, -93614758L, 1576052112L, -1120472196L, -2074076908L, 
-1773096126L, 2009914112L, 477042620L, -737829040L, 1345315618L, 
2067889480L, -31696372L, -1355073444L, -1712321326L, 152377856L, 
-1773367980L, -87877144L, 878230522L, -1629376304L, 1039318316L, 
1922724596L, -2089416302L, -1004178336L, 649815308L, -1390955808L, 
401140066L, -1809921368L, 13488716L, -604110468L, -554613454L, 
1796477040L, -1086654652L, -1639076392L, 1882324090L, 750865968L, 
-1612559684L, -995602604L, -1526868926L, -1088606816L, -846857540L, 
-958241615L, 1272890147L, -1424674780L, -1053244718L, 1724450599L, 
-1436763791L, -270213194L, 745870164L, -1697890843L, 1001138159L, 
-176158936L, 2012266374L, -592974925L, 125557525L, 128382322L, 
-57456192L, -2084378071L, -696103269L, 445953900L, 1656639354L, 
-794060625L, 238482361L, -357755442L, 1980317980L, -1062517619L, 
2124646647L, -904920064L, -1879357858L, -2042980053L, -1730336211L, 
-748471654L, -34970024L, -417723967L, -15174029L, 1813394324L, 
-677336542L, 1800525111L, 796578817L, 1285953798L, 1308323140L, 
-269807499L, 1609630175L, -1878348488L, 1846206230L, -1323385053L, 
733773029L, 529271042L, -1880011920L, 1857413913L, -1548995829L, 
2040905724L, -1665778646L, -2057932705L, 1014298601L, 1352104190L, 
309569772L, 1552952381L, -1148608505L, 2115886064L, 65828750L, 
828949947L, -150895715L, -877479606L, 1124995432L, 119707473L, 
-997194685L, -605541052L, -363000334L, -810334265L, 1652836753L, 
-947610346L, -1946811020L, -483163131L, -941579185L, -369821624L, 
651767270L, 2039399187L, 1447285877L, -771821998L, -848328544L, 
143622537L, 2121339323L, -906326516L, -77359206L, 415227663L, 
-1946196647L, -286515218L, 466134652L, -895848723L, -914220649L, 
874812000L, -1336629186L, -2079944437L, 2049426317L, -1627774790L, 
-780851464L, 519605409L, 1458034771L, 1933796212L, -532184830L, 
1866662295L, 1993186145L, -1263706202L, -240088668L, 1833627733L, 
-1968618241L, 2010458520L, -755240266L, -377722045L, 1476982405L, 
-715883742L, -241582064L, -1561912391L, 2103733355L, 134180700L, 
-169044342L, -1455132033L, 252918729L, -756430754L, 739818252L, 
-41950499L, 2054523879L, 697921552L, -1481802450L, 2106798555L, 
-5380419L, 1641976874L, -2035661624L, -1349017103L, -72732829L, 
-1454934172L, 1854492306L, 689408871L, 1763521841L, -2126213514L, 
-757428332L, 833874853L, 1156603055L, 184242536L, -1791649466L, 
-1822985997L, -404050347L, -903212494L, -1059905536L, 1936622825L, 
-408534181L, -2034227796L, 2089795002L, 1043745647L, 1755917561L, 
